
R version 4.4.0 (2024-04-24) -- "Puppy Cup"
Copyright (C) 2024 The R Foundation for Statistical Computing
Platform: aarch64-apple-darwin20

R is free software and comes with ABSOLUTELY NO WARRANTY.
You are welcome to redistribute it under certain conditions.
Type 'license()' or 'licence()' for distribution details.

  Natural language support but running in an English locale

R is a collaborative project with many contributors.
Type 'contributors()' for more information and
'citation()' on how to cite R or R packages in publications.

Type 'demo()' for some demos, 'help()' for on-line help, or
'help.start()' for an HTML browser interface to help.
Type 'q()' to quit R.

[R.app GUI 1.80 (8376) aarch64-apple-darwin20]

[History restored from /Users/natalieque/.Rapp.history]

> setwd("/Users/natalieque/Downloads/ISYE 4803 FDA")
> getwd()
[1] "/Users/natalieque/Downloads/ISYE 4803 FDA"
> # Read data (whitespace-delimited, header row)
> df <- read.table("roe01.txt", header = TRUE)
> 
> # Column means
> means <- colMeans(df)
> print(means)
     ROEt       ATO        PM       LEV    GROWTH        PB       ARR       INV     ASSET       ROE 
 0.067778  0.429818  0.210952  0.708852  0.331254  2.126802  0.200780  0.100044 21.066002  0.410498 
> 
> # Correlation (single pair, and full matrix)
> cor(df$ROEt, df$ROE)
[1] 0.5151322
> cor_matrix <- cor(df)
> print(round(cor_matrix, 3))
         ROEt    ATO     PM    LEV GROWTH     PB    ARR    INV  ASSET    ROE
ROEt    1.000  0.035  0.110 -0.245  0.010 -0.202 -0.067 -0.042  0.121  0.515
ATO     0.035  1.000 -0.272 -0.065  0.019 -0.042 -0.092  0.053  0.017  0.015
PM      0.110 -0.272  1.000 -0.122  0.021 -0.034 -0.404 -0.084  0.019  0.127
LEV    -0.245 -0.065 -0.122  1.000 -0.014  0.768  0.077  0.070  0.005 -0.308
GROWTH  0.010  0.019  0.021 -0.014  1.000  0.016 -0.025  0.011 -0.039  0.088
PB     -0.202 -0.042 -0.034  0.768  0.016  1.000  0.012  0.018 -0.146 -0.213
ARR    -0.067 -0.092 -0.404  0.077 -0.025  0.012  1.000 -0.024 -0.090 -0.105
INV    -0.042  0.053 -0.084  0.070  0.011  0.018 -0.024  1.000 -0.018 -0.040
ASSET   0.121  0.017  0.019  0.005 -0.039 -0.146 -0.090 -0.018  1.000  0.043
ROE     0.515  0.015  0.127 -0.308  0.088 -0.213 -0.105 -0.040  0.043  1.000
> 
> # Linear model: predict next-period ROE from current ratios
> fit <- lm(ROEt ~ ATO + PM + LEV + GROWTH + PB + ARR + INV + ASSET + ROE, data = df)
> summary(fit)

Call:
lm(formula = ROEt ~ ATO + PM + LEV + GROWTH + PB + ARR + INV + 
    ASSET + ROE, data = df)

Residuals:
    Min      1Q  Median      3Q     Max 
-3.4975 -0.2403 -0.0118  0.2591  1.1027 

Coefficients:
             Estimate Std. Error t value Pr(>|t|)    
(Intercept) -1.369599   0.508964  -2.691  0.00737 ** 
ATO          0.044638   0.046147   0.967  0.33387    
PM           0.163587   0.129023   1.268  0.20544    
LEV         -0.010243   0.010338  -0.991  0.32224    
GROWTH      -0.007482   0.009384  -0.797  0.42562    
PB          -0.001822   0.003373  -0.540  0.58947    
ARR          0.012133   0.023612   0.514  0.60758    
INV         -0.052567   0.163229  -0.322  0.74756    
ASSET        0.057531   0.024016   2.395  0.01697 *  
ROE          0.458419   0.038604  11.875  < 2e-16 ***
---
Signif. codes:  0 ‘***’ 0.001 ‘**’ 0.01 ‘*’ 0.05 ‘.’ 0.1 ‘ ’ 1

Residual standard error: 0.4419 on 490 degrees of freedom
Multiple R-squared:  0.2879,	Adjusted R-squared:  0.2748 
F-statistic: 22.01 on 9 and 490 DF,  p-value: < 2.2e-16

> 